url,name,address,city,state,phone
https://www.boonecpas.com/,Results,"11225 Davenport St #108, Omaha, NE 68154",Omaha,NE,(402) 320-3825
http://www.bepcpa.com/,Results,"1301 S 75th St #200, Omaha, NE 68124",Omaha,NE,(402) 551-1919
http://www.deboercpa.com/,Results,"17330 Wright St #100, Omaha, NE 68130",Omaha,NE,(402) 333-5200
http://www.mcbrok.com/,Results,"14400 Branch St suite 501, Omaha, NE 68154",Omaha,NE,(402) 341-9441
https://westevens.com/,Results,"16850 Frances St #100, Omaha, NE 68130",Omaha,NE,(402) 932-8815
http://www.blandcpa.com/,Results,"450 Regency Pkwy #340, Omaha, NE 68114",Omaha,NE,(402) 397-8822
https://www.infinitycpagroup.com/,Results,"14769 California St # 4, Omaha, NE 68154",Omaha,NE,(402) 933-5230
http://www.finkencpa.com/,Results,"15520 Warehouse St, Bennington, NE 68007",Bennington,NE,(402) 305-7350
http://leenevilletax.com/,Results,"1503 206th St, Elkhorn, NE 68022",Elkhorn,NE,(402) 383-8522
http://www.cremerscpa.com/,Results,"3628 N 163rd Plaza, Omaha, NE 68116",Omaha,NE,(402) 934-2922
http://www.randersoncpa.com/,Results,"11905 P St, Omaha, NE 68137",Omaha,NE,(402) 345-4311
https://praxiscpa.com/,Results,"9839 S 168th Ave Unit 2C, Omaha, NE 68136",Omaha,NE,(402) 250-9406
http://www.ofwfcpa.com/,Results,"11404 W Dodge Rd Ste 200, Omaha, NE 68154",Omaha,NE,(402) 592-3800
https://tax-resolution-omaha.ne-biz.co/,Results,"3018 S 87th St #3043, Omaha, NE 68124",Omaha,NE,(402) 913-9860
http://www.rgomaha.com/,Results,"11920 Burt St #160, Omaha, NE 68154",Omaha,NE,(402) 614-4315
http://debitscredits.net/,Results,"5607 S 77th St, Ralston, NE 68127",Ralston,NE,(402) 331-0933
https://kirkhickscpa.com/,Results,"3304 S 81st Ave, Omaha, NE 68124",Omaha,NE,(402) 598-0840
http://www.circlecpaomaha.com/,Results,"12020 Shamrock Plaza #110, Omaha, NE 68154",Omaha,NE,(402) 502-5500
http://kherreracpa.com/contact,Results,"303 N 114th St, Omaha, NE 68154",Omaha,NE,(402) 203-8932
http://fosterdolleckcpas.com/,Results,"11516 Nicholas St #302, Omaha, NE 68154",Omaha,NE,(402) 391-7030
http://www.mdcocpas.com/,Results,"12808 Augusta Ave, Omaha, NE 68144",Omaha,NE,(402) 697-8897
http://www.frankel.cpa/,Results,"11404 W Dodge Rd #700, Omaha, NE 68154",Omaha,NE,(402) 496-9100
http://www.alliedtaxcpa.com/,Results,"14748 W Center Rd #106, Omaha, NE 68144",Omaha,NE,(531) 201-5222
http://www.nahillpc.com/,Results,"20301 Wirt St, Elkhorn, NE 68022",Elkhorn,NE,(402) 932-7514
https://www.eidebailly.com/locations/omaha,Results,"18081 Burt St Ste 200, Elkhorn, NE 68022",Elkhorn,NE,(402) 330-2660
http://www.gretnacpa.com/,Results,"620 US-6, Gretna, NE 68028",Gretna,NE,(402) 332-3387
http://www.darstcpa.com/,Results,"14707 California St #10, Omaha, NE 68154",Omaha,NE,(402) 498-9100
http://agsn.com/,Results,"16910 Marcy St #103, Omaha, NE 68118",Omaha,NE,(402) 334-9011
http://www.prchaltax.com/,Results,"11102 Blondo St Suite 100, Omaha, NE 68164",Omaha,NE,(402) 505-5022
http://www.hayes-cpa.com/,Results,"13120 Pierce St. #201, Omaha, NE 68144",Omaha,NE,(402) 390-2480
https://www.centraltaxblair.com/,Results,"1143 S Hwy 30, Blair, NE 68008",Blair,NE,(402) 426-3350
http://voigtmanadvisors.com/,Results,"10410 S 144th St # 3B, Omaha, NE 68138",Omaha,NE,(402) 744-7070
https://www.capitalaccountingservices.info/,Results,"15411 S 2nd St, Bennington, NE 68007",Bennington,NE,(402) 496-0189
https://www.grieb-cpa.com/?utm_source=localsearch&utm_medium=directory&utm_campaign=wlso,Results,"18035 Oak St, Omaha, NE 68130",Omaha,NE,(402) 399-0832
http://sramaekerscpa.com/,Results,"2809 S 160th St Ste 108, Omaha, NE 68130",Omaha,NE,(402) 933-0788
http://www.duttoncpa.com/,Results,"10822 Old Mill Rd #1, Omaha, NE 68154",Omaha,NE,(402) 393-4900
http://www.qualityaccountants.com/,Results,"20283 Wirt St, Elkhorn, NE 68022",Elkhorn,NE,(402) 289-3976
http://www.koskicpa.com/,Results,"10516 Burt Cir, Omaha, NE 68114",Omaha,NE,(402) 445-4040
https://teutcpa.com/,Results,"10822 Old Mill Rd, Omaha, NE 68154",Omaha,NE,(402) 250-6757
http://www.sewellcpapc.com/,Results,"3839 S 148th St #150, Omaha, NE 68144",Omaha,NE,(402) 884-3943
http://sweetpc.com/,Results,"2407 S 130th Cir, Omaha, NE 68144",Omaha,NE,(402) 397-8811
http://www.mma-cpa.com/,Results,"11440 W Center Rd, Omaha, NE 68144",Omaha,NE,(402) 334-0600
http://www.jpgcpa.com/,Results,"920 Village Square, Gretna, NE 68028",Gretna,NE,(402) 332-5225
https://www.facebook.com/PerryTaxCPA,Results,"2906 N 108th St, Omaha, NE 68164",Omaha,NE,(531) 329-3784
https://www.thecapitalaccountingsvc.com/,Results,"15411 N 2nd St, Bennington, NE 68007",Bennington,NE,(402) 214-3705
https://www.soa-cpas.com/,Results,"13434 A St, Omaha, NE 68144",Omaha,NE,(402) 334-3089
http://pkwcpa.com/,Results,"1237 S 119th St, Omaha, NE 68144",Omaha,NE,(402) 861-1800
https://www.westomahacpa.com/,Results,"11205 Wright Cir #125, Omaha, NE 68144",Omaha,NE,(402) 671-0123
https://www.hemenwayfs.com/,Results,"5310 S 139th Plaza, Omaha, NE 68137",Omaha,NE,(402) 339-4040
https://www.silverleaftax.com/,Results,"12801 Pierce St. Suite 130, Omaha, NE 68144",Omaha,NE,(402) 592-7170
http://www.jamccoycpa.com/,Results,"3015 N 90th St Ste. 7, Omaha, NE 68134",Omaha,NE,(402) 415-0334
http://www.nosalpro.com/,Results,"16934 Frances St Suite 101, Omaha, NE 68130",Omaha,NE,(402) 502-2200
http://www.schwarzcpa.com/,Results,"4620 S 143rd St, Omaha, NE 68137",Omaha,NE,(402) 330-6880
http://www.jonesandlowe.net/,Results,"11422 Miracle Hills Dr #403, Omaha, NE 68154",Omaha,NE,(402) 502-1800
http://hancockdana.com/,Results,"12829 W Dodge Rd Suite 100, Omaha, NE 68154",Omaha,NE,(402) 391-1065
http://www.cpaomaha.com/,Results,"9802 Nicholas St Ste 395, Omaha, NE 68114",Omaha,NE,(402) 895-5050
https://www.buckleysitzman.com/,Results,"4240 Pioneer Woods Dr, Lincoln, NE 68506",Lincoln,NE,(402) 484-7676
https://www.davidmthompsoncpallc.com/,Results,"14163 Pine St, Omaha, NE 68144",Omaha,NE,(402) 982-3458
http://www.thomasthomascpa.com/,Results,"2112 Eagle Crest Dr, Papillion, NE 68133",Papillion,NE,(402) 597-0870
http://www.kgaccountingsolutions.com/,Results,"1408 Fort Crook Rd S #101, Bellevue, NE 68005",Bellevue,NE,(402) 315-7780
http://www.pmkaccounting.com/,Results,"17030 Sarah St, Bennington, NE 68007",Bennington,NE,(402) 870-0256
https://melotzgroup.com/,Results,"9375 Burt St #103, Omaha, NE 68114",Omaha,NE,(402) 390-0400
https://pillaracct.com/,Results,"12120 Shamrock Plaza Ste #110, Omaha, NE 68154",Omaha,NE,(531) 800-6300
https://forensicaccountingcorp.com/locations/omaha,Results,"12020 Shamrock Plaza, Omaha, NE 68154",Omaha,NE,(402) 445-0109
http://brickercpa.com/,Results,"9839 S 168th St #2a, Omaha, NE 68136",Omaha,NE,(402) 401-6460
http://www.steiertax.com/,Results,"1015 N 98th St #100, Omaha, NE 68114",Omaha,NE,(402) 390-9090
http://www.timkotax.com/,Results,"12105 Anne St, Omaha, NE 68137",Omaha,NE,(402) 493-5597
http://www.breaschtax.com/,Results,"4879 S 132nd Ave, Omaha, NE 68137",Omaha,NE,(402) 896-5191
http://hmck.net/,Results,"3519 2nd Ave, Kearney, NE 68847",Kearney,NE,(308) 234-5506
http://www.jorgensoncpa.com/,Results,"12808 Augusta Ave, Omaha, NE 68144",Omaha,NE,(402) 431-0900
https://www.mnrcpas.com/,Results,"13310 I St, Omaha, NE 68137",Omaha,NE,(402) 330-7099
https://elitesolutionsomaha.com/,Results,"10040 Regency Cir #150, Omaha, NE 68114",Omaha,NE,(402) 415-0334
http://www.simplexaccounting.org/,Results,"2033 Clay St, Ashland, NE 68003",Ashland,NE,(402) 639-3248
http://www.bmgcpas.com/,Results,"3533 S 85th St, Lincoln, NE 68520",Lincoln,NE,(402) 483-7781
https://www.corecpas.us/,Results,"747 N Burlington Ave # 401, Hastings, NE 68901",Hastings,NE,(402) 462-4154
https://laucpapc.com/Home_Page.html,Results,"10050 Regency Cir Ste 510, Omaha, NE 68114",Omaha,NE,(402) 884-1557
https://circlecpaomaha.com/,Results,,Arlington,NE,(402) 502-5500
http://www.ksocpa.com/,Results,"404 E 25th St, Kearney, NE 68847",Kearney,NE,(308) 234-5565
http://schulzcpas.com/,Results,"106 Eastside Blvd, Beatrice, NE 68310",Beatrice,NE,(402) 223-3598
https://www.nescpa.org/,Results,"7435 O St Suite 100, Lincoln, NE 68510",Lincoln,NE,(402) 476-8482
https://ewerthcpa.com/,Results,"237 S 70th St #219, Lincoln, NE 68510",Lincoln,NE,(402) 486-3777
http://melindaclarkecpa.com/,Results,"5211 NW 105th St, Lincoln, NE 68524",Lincoln,NE,(402) 274-8560
https://jahncpa.com/,Results,,Arlington,NE,(531) 800-8181
https://www.katholpccpa.com/,Results,"9826 Giles Rd Ste B, La Vista, NE 68128",La Vista,NE,(402) 390-0250
http://www.dccpas.com/,Results,"535 W Broadway Ste 300, Council Bluffs, IA 51503",Council Bluffs,IA,(712) 328-2600
http://www.tbc.tax/,Results,"229 S 17th St, Blair, NE 68008",Blair,NE,(402) 426-4144
https://www.acctonus.com/contact-us/,Results,"1336 Voss Dr, Blair, NE 68008",Blair,NE,(402) 677-6160
https://www.hrblock.com/tax-office-near-me/nebraska/blair/19857/?otppartnerid=9308&campaignid=pw_mcm_9308_9762&utm_medium=local,Results,"1129 S Hwy 30, Blair, NE 68008",Blair,NE,(402) 426-4766
https://www.formal.tax/,Results,"1500 Adams St, Blair, NE 68008",Blair,NE,(402) 804-8291
http://www.ienntax.com/,Results,"3222 15th St, Columbus, NE 68601",Columbus,NE,(402) 563-3899
http://www.france1040.com/,Results,"201 W 9th St, Lexington, NE 68850",Lexington,NE,(308) 324-4607
https://www.facebook.com/associatedtax,Results,"931 E Douglas St, O'Neill, NE 68763",O'Neill,NE,(402) 336-4566
http://www.aspyrgroup.com/,Results,"213 S Burlington Ave, Hastings, NE 68901",Hastings,NE,(402) 462-5544
http://millironhranch.com/,Results,"14129 US-75, Blair, NE 68008",Blair,NE,(402) 426-4500
http://www.jbwc.com/,Results,"117 E 4th St, Ogallala, NE 69153",Ogallala,NE,(308) 284-3649
